-1.025201423035128068e+00 -2.388143361329658210e-01 -1.925313179840522637e-01
-6.401371893600368290e-01 -7.701220632799594679e-01 -1.060370698367737674e+00
1.450510041227677238e-01 1.663363760603550623e-02 -2.591945958893034363e-01
8.121854324684032456e-01 1.210670942239347597e-01 -4.189740716935931863e-01
-6.031440729168728865e-01 -6.931680388114286329e-02 8.338180789615550620e-03
2.428880438514920304e+00 -2.587583153603896235e+00 3.154283872515173393e+00
2.658396337567704659e+00 -1.892067086325161407e+00 3.824708033710068289e+00
-7.052243956741448550e-01 -3.738164757363898194e-01 1.843192223962176329e-02
-4.965615083510863115e-01 2.989355938129250045e-01 -2.545825725439015419e-01
-1.294716537210912843e+00 -2.849423243896165303e-01 -4.917601206828088878e-01
-9.568062607524270291e-01 -2.928653426166996088e-01 -9.446183761049063987e-01
-1.362919358114229595e+00 -1.403464570585476190e-01 -5.190759206926149893e-01
5.986794571195448444e-01 -5.086644727108564634e-01 1.001806477832053455e-01
-5.646623720593415552e-01 1.540711489843391013e-01 -3.741047656651727005e-01
1.032741322320429367e+00 1.222238128455447881e-01 -8.523710846060665869e-01
-1.379936580121602141e+00 8.218987117416956534e-02 -1.560724713601712166e-01
-1.085416585217260588e+00 9.278416482351447003e-01 -3.656612183714641473e-01
-9.792396588766891785e-01 2.409986136461949591e-01 -1.511550162367544248e-01
-8.095117419406405723e-01 1.558642495023086771e-01 -7.116860078126763245e-02
-4.993910111155704379e-01 7.759846241582156745e-01 -3.171784142994721889e-01
-1.346532157620522252e+00 5.740590996123690060e-02 -8.927164184802383051e-04
-3.735618998655143574e-01 -8.795768459173082532e-02 -3.702060254656835969e-01
3.576738243663341033e-01 4.507209324166547848e-01 3.489993778308887462e-01
-1.247408759215683283e+00 1.442340272588191752e-01 -1.949653757868073933e-01
-1.176920542282996474e+00 -3.212667997229661232e-01 -6.647007928129720078e-01
-9.412465194752612785e-01 -1.909819957582550298e-01 1.992059355338829385e-01
3.495639261406822129e+00 -3.915115553714382024e+00 -3.268477475606326177e+00
-1.172660274365220912e-01 -1.606342574907624055e-01 5.939812700713329452e-01
-1.302995436822909525e+00 1.008255386221930117e-01 -1.414562453148010268e-01
-3.845261867586462490e-01 -7.046070076412507266e-01 -5.538703332241824429e-01
-2.630356888874964549e-01 4.855756348840832848e-01 -1.322951444839558233e-01
-1.545969888146824234e+00 1.457898299951652099e-01 -1.676775421872816474e-01
3.235168964747899167e+00 -4.362619705148843785e+00 -4.843937282097856567e+00
-1.155389667411403032e+00 1.569792096310385632e-01 -4.058686232552635165e-01
-9.794505090642751099e-01 2.409174188397302241e-01 4.467977600787920167e-01
6.224923897318822341e+00 -3.954668822511026249e+00 6.977987139073375644e+00
-6.687757567011100024e-01 1.014293513885074383e+00 -4.216898220806691855e-01
2.303615948552511783e-01 -6.450911474102555276e-01 1.294519597378674280e+00
7.321436250629990150e-01 -1.337643600167058855e+00 1.866182652157903243e+00
3.795978367629636585e-01 -7.305606161026452217e-01 1.346866484960150157e+00
1.833694476775194815e+00 4.513255056178561708e-01 6.997158238655161178e-01
1.797605296981912071e+00 -1.069864545764461772e+00 1.221797744527379326e+00
-7.314635836572120908e-01 1.221144312026490736e-01 -8.329055105749473276e-01
-4.942150754899705123e-01 -4.999646094347332537e-01 4.247553792561317709e-02
-1.129735118605590172e+00 -2.585121799147515054e-01 -8.215974710454055918e-01
-4.516005677422135212e-01 -3.487437706021692674e-02 2.917726227383425908e-01
-2.801927061591451551e-01 -2.473432222541111225e-01 -2.741078654493981914e-01
-5.940679318612500648e-01 -5.441704486238735372e-03 4.596985324728340427e-01
-1.034377869190491461e+00 -2.143518587179569224e-01 -5.078615698049611105e-01
-1.520497773992925072e+00 1.231657667908377107e-01 -1.150163298091415875e-01
-1.441443929836574434e+00 2.179294558189332764e-01 -1.289391729127667974e-01
-9.008291071849032772e-01 1.580453149051899708e-01 -4.583534056002628865e-01
-5.195589746862683267e-03 3.554082977724291048e-01 -2.034696188090337199e-01
-1.279261322533191247e+00 -1.567750640021513542e-01 -3.166802949834544023e-01
-1.079560799093018053e+00 3.046554791768328885e-01 -2.409694595223771385e-01
-5.601420516432430441e-01 -3.454028515546463951e-01 -1.023080330868131327e-02
-1.344491599197107146e+00 9.504009819879766230e-02 -1.655940243933633205e-01
8.417890944629293770e-01 2.085292595124083714e+00 -6.849465442511359914e-01
5.569117789524430373e-01 -1.237758835893089382e-01 1.933389918624708326e-01
-3.039568856738681379e-01 -4.553445167441836361e-01 -1.216623104737175831e+00
-1.171875288858987396e+00 1.026502701643279281e-01 -3.041642443394275419e-02
5.365828462092060436e-01 8.400539213508260161e-01 5.726885071414911099e-01
-1.215753619153910225e+00 1.036288248595372830e-01 -9.827045188850484780e-02
-4.644955238192967628e-01 3.269214205311195554e-01 -3.850003090854703935e-01
1.039396851197964988e+00 1.686233169934350906e+00 4.649527663349928286e-02
-6.950476953149024029e-01 6.169122806415666682e-02 4.406771117584724617e-01
4.846226747968760407e-01 2.756016644887384626e-01 2.151482451139183072e-01
-4.995797131013017256e-01 8.522303286113103171e-01 -2.830760155958829127e-01
-2.815018006857875066e-02 -1.012981054648681017e-01 3.016517318203628117e-01
-6.584550364659100818e-01 4.117443694452859737e-01 4.976809343449850598e-03
2.838434886210967623e-01 1.573402373305254009e+00 -6.359061004331757472e-01
1.142462464511810882e+00 9.607795626813475653e-01 7.294770508132626397e-01
-1.012585696736816532e+00 -4.491934208689853936e-01 -9.557338834637784108e-01
-9.443552807888797584e-01 1.363124569993327817e-01 -9.161974179005856478e-02
-1.359223484906597057e-01 2.144475281578888670e-01 1.116569963721943726e+00
3.388303153572751469e-01 -1.553098258017146627e+00 -5.056957350253410421e-01
-1.733309856838379792e-01 8.306948072675857109e-01 -6.329187904915876128e-01
8.544811277641219949e-01 1.556632721338381486e+00 -3.313730631400813587e-01
1.946909943804588927e-01 -1.358033027904168133e+00 -1.216768878545033905e+00
-9.251373314292352656e-01 -1.888154976524743234e-01 -9.359454528239652404e-01
1.302883465551596176e+00 -2.151057416159186442e+00 -1.742484321700639160e+00
-1.842234189213454998e-01 7.023838786486572006e-02 8.979867287922710384e-02
-1.376600320751479867e+00 1.339524636214142195e-01 -1.893986475133636049e-01
5.586780113401688119e-01 2.299457427489170480e-01 -6.505888567888229446e-01
1.109715431141794717e+00 3.092489407506071153e+00 -9.898670559597386731e-01
5.927659722546469112e+00 3.779356383345042314e+00 -1.007696722867873262e+00
-6.351557667420413278e-01 -3.728302692192181356e-03 4.918842704280652622e-01
-7.649659280365694869e-01 -7.051725509245845291e-01 -8.884333379087123728e-01
-1.091259557547243464e+00 -2.925296618077073418e-01 -1.559968039762296144e-01
-7.549470997665075345e-01 -7.928275338262357197e-01 -1.139895985423283742e+00
-2.922037565733513476e-01 -4.320981500732093972e-01 5.510434587774183379e-01
1.495852212122421143e+00 -1.116979142522310564e+00 -1.601135819883119371e+00
9.371244420782292028e-01 1.240487340656768606e-01 -1.297905433073258674e+00
-1.093850278465329229e+00 6.885463417320675239e-01 -4.349161358392219512e-01
-9.183720780609987422e-01 3.475406719823835866e-01 -1.627009696528468330e-02
-1.192579065661130588e+00 6.499829189196484336e-01 -4.002893826668000865e-01
-7.983917637338507900e-01 -1.602458329584597330e-01 1.306194314099753673e-01
2.927425598449315824e-01 -1.202001743153905178e+00 -1.184255430507662021e+00
-5.383769415048198503e-01 2.997183845894578202e-01 -5.037118931251616250e-01
3.470868493297765589e+00 -2.316884355087987402e+00 -5.712958342420083602e-01
-1.471265622844404319e+00 6.555509387639460450e-02 -2.027846076323870372e-01
-5.278625704918712414e-01 -3.322691620769803733e-01 6.095727954128467296e-02
-1.384766293669413173e+00 -2.593659690728422618e-02 -1.545622984206475869e-01
-5.434236276142370009e-02 9.458519016856403727e-03 2.475089790481442564e-01
3.030935693048981694e-01 1.624656989111943062e-01 1.609014864147186419e+00
1.983479826249767708e-01 -3.873999008345671569e-01 6.505031236510272485e-01
3.463476385908826338e-01 -6.466642871998881104e-01 -4.807506686413736685e-01
-1.366199783606662166e+00 -7.827036245680304982e-02 3.873243078319343891e-02
1.356756610944485297e+00 -1.750672595906690443e+00 -5.053929905039025172e-01
1.376119995276482710e-01 -1.017769980900833815e+00 -6.908427139637407510e-01
1.382625394737150293e-01 -3.426817102605758669e-01 2.381004925650203607e-01
5.543840242924423789e-01 -3.959185505245593761e-01 5.442708416672478178e-01
1.138891705510400421e+00 -2.577035646624591947e-01 1.664836617215732062e+00
-1.145963262127958293e+00 3.839168045225673787e-01 9.633313428079888496e-03
2.720327076766141938e-01 -6.545586923881310248e-01 4.985304697998471646e-01
7.064952565454751809e-03 3.504370749563980869e-01 -3.910805850780250115e-01
-9.177054737379396476e-01 -1.206712334013177318e-01 -6.052916246581016013e-01
-1.462961975428567207e+00 1.148805238396616579e-01 -1.954778170804418180e-01
1.723244118289806615e+00 5.410448865650123729e-01 6.050778874255942075e-01
9.559886476676826561e-01 -2.909813602916346276e-01 5.564144819647647289e-01
-1.190607120183976075e+00 1.832052791547736925e-01 -3.128915549674411434e-01
-1.364027436219899414e+00 6.555636091257485698e-02 -2.213399477141848870e-01
-1.042588622268091347e+00 -2.297388746967678474e-01 -1.462861448906575268e-01
2.066044683614095767e+00 1.793291768775267858e+00 -2.912940286500403930e-01
-1.516026596000678017e+00 1.538872091893153382e-01 -1.498529748900969405e-01
-1.197427743626025665e+00 3.513423354328794046e-01 -2.394415537409461670e-01
-7.260761994003460673e-01 4.559980721500788148e-01 -5.854541977266203290e-01
-1.198170663212358295e-01 -7.787736548953250182e-02 5.529691247491669293e-01
-6.164905449378814684e-01 -3.876456111934659110e-01 4.140170775613200016e-02
1.133804122799121572e+00 -1.262256352000118653e+00 -9.132590387346678495e-01
1.186326061783717911e-01 -6.495400061033287376e-01 7.022930891239903550e-02
-4.944781531805839681e-01 -2.437566204250510293e-02 5.261988920968330152e-02
-2.172400692987639936e-01 4.219347347467438114e-01 -1.947967869273775077e-01
-6.148946531749512889e-01 -1.559654046161849661e-01 2.967793106019881999e-01
1.660324945650461403e+00 -3.896007294178754354e-01 2.854304372322485683e+00
-1.022730737377761656e+00 4.979514306368687526e-02 -1.059122611515843776e-01
-1.401110802548035217e+00 5.579183090906192355e-02 -2.305488757265461985e-01
1.779537059379087127e+00 -6.280875565225901846e-01 1.224768873779330525e+00
-4.496288265953870544e-01 -4.204292170652047522e-01 3.136036882182270391e-01
-1.394070294579615954e+00 1.338392129533291786e-02 1.557450534357545657e-01
-2.062303066557984454e-01 1.079888972715511430e+00 -9.251761670469392795e-01
-8.385222976463053701e-01 1.846707047356678510e-02 -3.300207475237612598e-02
-1.517308314598715846e+00 9.026074675602535624e-02 -1.880215892564514046e-01
2.051725864126895116e-01 1.651584852104733547e-01 2.703902018283423914e-01
-7.357969082626684143e-01 6.923863644146674989e-01 6.878398392396521677e-02
-1.322190769895783102e+00 2.462946366129863118e-01 -2.320173680145128925e-01
-6.386170463232960781e-01 -4.508136607378278038e-01 2.262843659703490384e-01
3.606712061227036470e-01 4.726858611780300756e-01 -1.193437200283486543e+00
-1.479814370335251983e+00 1.039551620644885710e-01 -1.476054201730416793e-01
4.109640165133673917e-01 -1.623897263917581935e+00 -1.938335737472226261e-01
-6.161322094803740601e-01 3.713884049236936269e-01 -5.630035234578901759e-01
-1.396387809509649802e+00 -2.248967471194587842e-02 -5.527690320496249365e-02
-1.333303763913934237e+00 -9.416951315621416296e-02 4.347774204864528480e-01
9.809479167877450667e-01 -1.017194161253060836e+00 2.817348277273341139e+00
-1.367880328952726599e+00 -1.487292990710502583e-01 3.013843676273373351e-01
5.372337972441321163e-01 3.933564255959254297e-02 7.520710948605320301e-01
1.628347479186816882e+00 -8.876758224467024005e-01 3.012561254648320919e+00
-1.204916082513508346e+00 -1.664370045520870423e-01 4.795881754271332231e-01
-2.390753098298949442e-01 5.836660437152655367e-01 -3.023090373391971175e-01
-1.281324122798278786e+00 2.161835426736407328e-01 -1.545667191456504830e-01
8.926498874003446771e-02 -3.587187290343808455e-01 -2.426030882092822250e-02
-1.309018060040321618e+00 5.622551756521348976e-02 -2.581652762936983425e-01
-1.449376981111041296e+00 1.621654220141664771e-01 -1.094256344087480570e-01
1.672774040512417792e-01 6.471193473677355756e-01 -1.637549628636909560e-01
5.334709165998543501e-01 2.051161581653737631e+00 -2.809029644488523214e-01
-6.698028100877047031e-01 -5.785359557429377020e-01 -9.390869840774390687e-02
-3.844990164155639434e-01 -6.003129294968174712e-01 -1.885009069435478191e-01
8.772704033141732083e+00 -4.576830112370120496e+00 -4.249202328125417871e+00
-1.301261038399777803e+00 1.238074228844578129e-01 -1.120970092851006072e-01
9.630884640299754551e+00 -5.215238343187834857e+00 -4.957668215336545003e+00
-1.410197223875133021e+00 3.798389071737989786e-03 -5.533739409175074397e-02
4.901839754201876564e-01 -4.627475947332329587e-02 9.688645562487216978e-01
-3.295239141315513542e-01 5.054848760768638760e-01 3.538494998050472073e-01
-1.016300166595195620e+00 8.755035851447015016e-01 -4.292405916904301622e-01
-1.192348111673679156e+00 1.510763128473157080e-01 2.522028026211761698e-01
2.247528829579101384e+00 8.432378342749602407e-01 -5.097399227601793203e-01
-9.803744143472894468e-01 7.434374496138094202e-01 -8.794305323561441012e-02
1.390482450549438143e-01 9.869653611152080508e-01 1.513994880561126688e-01
-1.225319718453466100e+00 9.075218838848700398e-02 -3.288269188503320506e-03
-1.512834827694472306e+00 1.270591713660135513e-01 -1.818040680450587754e-01
-3.484507099747673475e-01 -5.523586099553035034e-01 3.471801504493605139e-01
-7.219044953531742470e-01 7.217327779385218633e-02 6.949830905552220606e-02
-1.184433348797247376e+00 1.125227374440019301e-01 2.870320885931600952e-01
-1.039063920825223919e+00 5.102137030007772300e-02 -1.690919555404321872e-01
-5.596131987702059052e-02 6.140054136817616470e-01 4.108711278460370764e-01
-1.005176326309805024e+00 -6.299705900416349702e-02 -1.338952590677394694e-01
-1.142954350603282654e+00 1.369290811176359923e-01 -7.636545023569006607e-02
-4.624339216510657269e-01 3.693328166258686984e-01 -4.537813047155963009e-01
4.131349870376877398e+00 -1.975664766387128068e+00 3.056652177770529999e+00
3.037555474706141734e-01 -2.199444825197755526e-01 3.646816171716057986e-02
-1.318878601525723671e+00 2.769703892480588348e-01 -1.065942915567708038e-01
-8.487518073756811221e-01 7.005005724353760010e-01 -6.384087280114145724e-01
-1.316390163668596847e+00 6.512297072401868059e-02 3.284633779554598787e-01
1.207408121098411335e+00 -1.153334617327095579e-01 1.097974368252915056e+00
1.871299190824060155e+00 -1.244626372594562769e-01 -5.066603273979991551e-02
-2.175489024046615705e-01 1.586852881961714479e-01 -6.740676068923562303e-03
-7.114551650610938527e-01 2.699113891307796109e-01 -3.845749484970268361e-01
4.495464065470483384e+00 1.400177228217652337e+00 -1.224261266296403916e-01
-7.141857209805320128e-01 1.452999766771500001e-01 -1.675572070360677734e-01
-1.017379263658237054e+00 4.840846086144292570e-01 -6.765414307710543307e-01
-4.752695200218661209e-01 -2.798363418835119187e-01 -5.689162707364677773e-01
-1.165125774925034552e+00 2.569080079844388576e-01 8.723478313286130159e-02
8.321488072376677092e-01 3.580241343600930604e-01 2.603060230309623968e-01
4.732893704273416491e-02 -6.310578070903273273e-01 -7.226679055076148384e-01
-1.191721850871934052e+00 -3.506680531725789862e-01 -9.039864754624460375e-02
-1.097631370471878753e+00 -4.059640027820452524e-01 -1.202247983340456183e-01
-1.238383412022370456e+00 -9.658723342450797889e-02 -3.685685721561964279e-01
7.906527347672024364e-01 -3.090682433849200605e-01 5.780671099155423320e-01
-9.227362483182277586e-01 4.481826145399597783e-01 1.782076966340663260e-01
-2.849571366348441770e-01 3.722469933255544428e-01 2.136582941693113136e-01
-1.288071706010374351e+00 -9.952692956476522079e-03 -1.807724999746596894e-01
1.435241646919475755e+00 -1.018528315472933876e+00 8.220725238050745620e-01
-1.332090264933438295e+00 3.513384333133751092e-01 -7.225727907851155207e-02
2.569869817710396243e-01 -9.256757812351592563e-01 1.227372912143048556e+00
-8.709720828188888264e-02 3.989506938737046871e-01 -2.270053136727641641e-01
1.122531200191327905e+00 6.942172097935765951e-01 -5.722791539453940812e-01
-7.841185165065464036e-01 5.490494303221925554e-01 -2.222350682209116302e-01
1.433607237347065189e+00 -6.331768278124577654e-01 4.532048954139230590e-01
1.313368040193065855e+00 1.626828244991215477e+00 1.797803656616998036e-01
1.099053754338117805e+00 2.016486334151316728e-01 2.904183955527980809e-01
-1.008359585559607918e+00 -3.195158609370000180e-01 -1.912998553729595708e-01
-1.252745243501030892e+00 3.058496350574397282e-01 -1.520713350495970784e-01
-1.439572359081227049e+00 8.810973500882346432e-02 -1.169650981177583204e-01
-1.214975870475240471e+00 2.245501755175843828e-01 -4.943905257668081837e-02
-1.462370398570924657e+00 2.081475761474876895e-01 -1.978286257038048279e-01
-1.044898100889783743e+00 2.599795201212951046e-01 -2.388370887938997406e-02
-4.306310755596596263e-01 -6.401788423667591488e-01 2.318113737546243294e-02
-9.952883667782528310e-01 1.366703651639092354e-01 3.159313636465075903e-01
-3.465723768300126295e-01 7.831355875296139857e-01 2.804726757778333579e-02
4.552539913858067777e+00 3.898648904618055688e+00 1.018135299166024632e+00
-8.654060959771299189e-01 -6.027527258874287863e-03 -1.570488427265291920e-01
4.732272458115726055e-01 -7.164859679957011895e-01 2.576620952040411083e+00
-1.066658954603722842e+00 4.806980514656581382e-01 -1.416462874030167962e-01
1.617543770018301297e+00 8.667191519298451663e-01 4.573944682281282925e-01
-8.234504540397823147e-02 -7.804952987500984873e-01 -4.279905803062221126e-01
-9.409767253604199855e-01 -5.752558104814715634e-01 -5.288752493437015589e-01
1.055684020976691562e+00 1.581278865597504746e+00 -1.811828201679721584e-02
-6.231273030579665972e-01 5.718415010782550434e-01 -1.656407171020471969e-01
1.286190408257565476e+00 -1.433636896759883150e+00 1.058787454451182164e+00
-1.831659156896389695e-01 7.456944905722755201e-02 3.080345121092779026e-01
3.834580442669198730e-01 -9.979292248778492969e-01 -4.783707696162818324e-01
5.213081944253550315e-01 -3.817663193124735121e-01 -4.700730144930217458e-01
-6.100529908693066439e-01 -9.380225712974615826e-02 5.678990709610061416e-02
-9.785114084227566345e-01 3.261812440080607556e-01 -1.497942846067039369e-01
-5.986421632045691998e-01 -4.046136742506575845e-02 7.531493701472449231e-01
-6.986880340652656951e-01 -7.640479133989641625e-02 -2.619215859390663925e-03
-1.551554393838290302e-01 6.009113479374457167e-01 -2.066365197139326537e-01
-6.059229930128600117e-01 -1.334258649861874146e-01 3.863137477361150429e-02
1.106257865510280380e+00 -1.782320159090361233e+00 -1.006598938275214516e+00
-4.982123985376413766e-01 -1.270101730457923739e-01 2.456307125437190986e-01
6.119497796258066558e-02 2.137364796364368491e+00 -6.295382219751401998e-01
-4.580290407570483113e-01 -1.736658900298842512e-01 1.552565965967860340e-01
-8.067318512104129091e-01 6.727477734175268953e-01 -3.165564936022626785e-01
1.112080775726714821e+00 8.388747434895954536e-01 6.724899447607559644e-01
-1.272763641115228106e+00 3.432708968847774100e-01 -1.953447713178820266e-01
7.694124660891259460e-01 4.607893081911682565e-01 -8.518404278710551836e-01
-1.449207535660102408e+00 1.356252090225165685e-01 -1.310932513906855612e-01
-7.507787834740978772e-01 1.434298994203353217e-01 5.598294090446579441e-01
-1.103398488325118443e+00 8.849216083000888133e-02 8.788080386592463100e-02
-7.973446121306654311e-01 5.101168652306841134e-01 3.454974259055787478e-02
-8.813839885035771315e-01 -2.419952819521064558e-01 2.203526767613170900e-01
6.097057126924284587e-01 -5.350613183362250974e-02 6.719441079566723651e-01
-6.362523884871704172e-02 -4.472179710743151015e-01 1.042516530412603171e+00
-5.233331489189519958e-01 -7.485959337590442075e-03 -5.132252551250687800e-02
1.230841241737094194e+00 -1.081747236525391953e+00 -1.987421098279295584e-01
-2.233038578340348634e-01 -8.434416753475965089e-01 -1.269147225900491560e-01
-2.406426734466557693e-01 3.500705451151348013e-01 -3.451479083689751315e-01
9.415695568659732118e-03 -1.041169438457032331e-01 -8.702815325229950050e-01
3.393701018899525135e+00 -9.759294744126399690e-02 6.162011478747286830e-03
7.340506234080275139e-01 1.302118573414572100e-01 4.874237538970641048e-01
-1.474952940743564200e+00 1.758352976718480509e-01 -1.230751861088119625e-01
7.577944317477017799e-01 1.786079230156046305e-01 8.495614575812348024e-01
1.134504437225566598e+00 2.906180207432686124e+00 -1.554110051494743239e+00
9.033986914011642444e-01 1.403209847217049777e+00 -2.644529456408986068e-01
2.225822195270475312e+00 3.495780906547539257e-01 -1.478725690006543747e-02
-1.289756668423368113e+00 5.648053534517680219e-02 7.719295313055593577e-02
1.212757860738967963e+00 -5.771194200068687774e-01 6.395776390263827604e-01
4.427380403184457691e-01 -4.860543100646219639e-02 1.189835942830171023e+00
2.357658715867978927e+00 -3.906914977308144632e-01 2.602881678972698509e+00
-2.540165001775592235e-01 5.411721036392841411e-01 4.145056997734702930e-01
-9.872886946376506767e-01 -1.959674825167643242e-01 -8.172208325640172022e-02
-8.509996313212431218e-01 1.668653570645909356e-01 2.643594821261411876e-01
-3.535746343385902102e-01 9.378306941805691910e-03 3.964907711021594672e-01
1.069170684148326167e+00 7.306770917270329901e-01 9.964462809653427122e-01
-7.984533811273278880e-01 6.508533714556764549e-01 -1.547018768881137096e-01
1.140164653094321245e+00 1.666572169930355507e+00 3.155392458827334101e-01
-7.752534004305275950e-01 -1.156563552110562443e-01 -6.930048939041005829e-02
-7.098466715409201822e-01 -3.134560116621110115e-03 1.671228614622261577e-01
3.301343613948118261e+00 -8.237792598659510190e-02 -1.201078531398477978e+00
-1.016985534224820853e+00 -5.383364708438593410e-02 -6.912399560428537926e-02
6.093674018807451187e-01 -1.794242125557123035e+00 1.645357653739628390e+00
1.366233188330944870e+00 -5.861932909191428509e-01 1.913680782282591419e+00
8.396468910192744772e-01 -9.278116363848575299e-01 -4.719680456425232595e-01
1.524893297549494986e-01 -5.720776183677590554e-01 8.333984964487891611e-01
1.150697174265730371e+00 -6.830386518608491109e-01 2.921302850656811945e+00
-5.295898215172974988e-01 -7.012374333577633401e-01 -1.718094509667837666e-01
1.345138783775525093e+00 2.396307270564121128e-01 4.316540947711761111e-01
-1.078455251314042601e-01 -8.217084844347096739e-01 1.962382272774241543e-01
-4.410728640615785290e-02 -7.013755871233934291e-01 -1.878006182040083127e-01
-1.204409580680038339e+00 -6.725415685045135761e-02 -6.511303927125460245e-01
1.356431023575053274e+01 9.573287350065497137e+00 -6.063427814480200073e-01
1.398160313230794261e+00 2.753603416544190718e+00 -8.642110130308497951e-01
1.094661752972996505e+00 4.046765041649983408e-01 -1.146298648475168047e+00
1.903271623972672133e-01 -4.834464461604316421e-01 -1.224243222533931030e+00
1.121729546988698534e+00 1.309271987358947120e+00 5.662330626405855938e-01
-1.955459905022830791e-01 3.637886880788149258e-02 8.233259511863599833e-01
7.056688186939958918e-01 -5.923624522252995961e-01 -4.524845830441666661e-01
-1.010525517305754128e+00 -2.055816969428236884e-01 -2.139631832871372041e-02
-1.484593865320036343e+00 1.068577536363018443e-01 -2.280823596162824818e-01
-1.239853687094070622e+00 6.575398337774168711e-02 1.972736633649431193e-01
4.952837917955135172e-01 -6.409614228412294779e-01 3.105381595142609474e-01
