5.482156506373629945e-01
8.867316249675589734e-01
8.759558527608900524e-01
8.645812553613909657e-01
8.348503697757050368e-01
8.811830076566899983e-01
7.987151585936960174e-01
7.426792635047609892e-01
6.974132745024299584e-01
6.389533107811190549e-01
6.908697958193430466e-01
6.763883775150120181e-01
8.560065729226340459e-01
7.493741531193529593e-01
9.041152483237719917e-01
7.865562146315989711e-01
7.625617442861899464e-01
9.128586305498089803e-01
8.907875619705040160e-01
7.367643369256929864e-01
8.049355034388979702e-01
9.097456950992109936e-01
9.075231564837239473e-01
4.613196205893420054e-01
4.017782122653730248e-01
8.893266304291459479e-01
7.825150243941040307e-01
8.215065507011629631e-01
6.065125267770250517e-01
7.873434558648160220e-01
8.425100124780879884e-01
8.596986686485470486e-01
9.033555262260759555e-01
8.639408003469050135e-01
8.925969672741780325e-01
8.623463787609110254e-01
7.552048443254200105e-01
7.895454699421510236e-01
7.644553813120069652e-01
8.389756777018739786e-01
8.543501607268050302e-01
8.859424567555309604e-01
5.878761330573110122e-01
7.573115381946610158e-01
8.107090465853179495e-01
8.798260774329540457e-01
7.454519550856999466e-01
7.490401448416900143e-01
7.488398264300429874e-01
9.113660920996580206e-01
8.740438418393009501e-01
6.633325780254010207e-01
8.832933435983170156e-01
7.345173280929540027e-01
5.958461581038789756e-01
8.675693737271910067e-01
8.197295535360580310e-01
6.655628135523089517e-01
7.613214610690519635e-01
7.003878157022329631e-01
9.199559970474510129e-01
8.017311116954070060e-01
6.909583535040699775e-01
7.664637795638149509e-01
8.949603331117119698e-01
9.222085253557239515e-01
7.537251528715910309e-01
9.142368587967359961e-01
6.210100248237000464e-01
7.684528654812400328e-01
6.648610850175810105e-01
7.811281591516779921e-01
8.299087057272499512e-01
4.900078059943749897e-01
6.520034837534499639e-01
8.326730446019560139e-01
8.089388655340430390e-01
8.038211248696469635e-01
8.008857942638529792e-01
7.841595442902810076e-01
7.526992070200629881e-01
5.272125566149330478e-01
5.617764857509639498e-01
8.951546996599549777e-01
6.033242178323879878e-01
7.537096548107400373e-01
6.394392385636710197e-01
8.129376023678439589e-01
7.725198031833709900e-01
7.116556669807639901e-01
9.220581790897559582e-01
8.398371907439320383e-01
7.351130067196629536e-01
6.192799969735419685e-01
6.094088075469249466e-01
5.969650366936849473e-01
8.648319423654470262e-01
8.283600499747160173e-01
7.714453966473779900e-01
8.836283239903309772e-01
7.005104776547099732e-01
8.129752569843690102e-01
6.547076153082680428e-01
9.545236048707089749e-01
7.469102462898390415e-01
6.688304255216249716e-01
8.617790975244220553e-01
8.163674033539860542e-01
8.521833259539589589e-01
6.344161953611989757e-01
8.589598049817349645e-01
8.350117641043010019e-01
8.163050498769289787e-01
5.835065754744610533e-01
5.858136278335139835e-01
6.018116750393499581e-01
6.749470293279410393e-01
5.435223306059220327e-01
8.981712125398869651e-01
6.735483994285129672e-01
6.798668047659950364e-01
6.876318867401249868e-01
7.680006651105270032e-01
8.786887559491159960e-01
9.056580732064589689e-01
6.176119930963670512e-01
7.640441293411029955e-01
8.443138084082529859e-01
7.244500983978380271e-01
6.470514200973680463e-01
6.257981606555770293e-01
7.228884292942100442e-01
8.385927406257189798e-01
6.308926933692879935e-01
8.148986127886880260e-01
7.462408239078639482e-01
6.583942709092750478e-01
8.942922536884799767e-01
7.260907702568799582e-01
4.482903428839740134e-01
8.582253166579739689e-01
7.622273445742610010e-01
6.428015433596380168e-01
7.643113407762189837e-01
8.474158356369889677e-01
9.075714965032429804e-01
8.813177197915510463e-01
8.571767517849240292e-01
8.417064101827449463e-01
8.116823499648290197e-01
8.983890718868430270e-01
7.451454396703299787e-01
4.997984695784379872e-01
8.950065498131429820e-01
8.207332940990690329e-01
5.947676945714660546e-01
8.139540249123019544e-01
5.698937893802800136e-01
8.198414293995429647e-01
8.249277221671480476e-01
6.982274241800819903e-01
6.167289494632289815e-01
3.011801299692070111e-01
7.975509400529779969e-01
8.521992066383710096e-01
7.013781127365950052e-01
8.569026842796140242e-01
9.210425402099710057e-01
7.401150258921099789e-01
9.239062843384180379e-01
7.469964835334930164e-01
7.481964958616179606e-01
8.011116731689470472e-01
7.907568143335980126e-01
6.902609711816329874e-01
8.082092019063169541e-01
6.760944134005539841e-01
7.720327748326409889e-01
8.140783660458880133e-01
7.463157575296539559e-01
6.153743800086189930e-01
8.216988903895650065e-01
6.442688807221419456e-01
5.894206644406070339e-01
8.113774269329410149e-01
8.017644563947720071e-01
5.584212573284329517e-01
5.207378235075890149e-01
8.434476248737879933e-01
8.896352174304610338e-01
6.301846210610489996e-01
4.497502159878840056e-01
5.254318615350910271e-01
8.725632140721959473e-01
7.208914928670500100e-01
6.473580372946210471e-01
7.097152222724889548e-01
8.913690051586430352e-01
8.758330252540890148e-01
5.966823729721409952e-01
8.534513412321590442e-01
7.511155197081349488e-01
8.349956577323449647e-01
8.630689004755419669e-01
7.830813361037369802e-01
8.248763577834480332e-01
7.183062080139840377e-01
8.475229805962869456e-01
7.282438863837269460e-01
9.204556652092490410e-01
8.314109841244049504e-01
7.965871861344849814e-01
8.566992640799120373e-01
8.407231992027469625e-01
8.733085814530919810e-01
8.554723792056539988e-01
2.752047780547329792e-01
8.424148553128000261e-01
8.444001802914149479e-01
8.102418937082149775e-01
6.558956701473199757e-01
6.137721099390109902e-01
6.132644828017189687e-01
6.497172173159030395e-01
8.026834436384460147e-01
8.457555416068469611e-01
7.580508860722450226e-01
6.507907365954529455e-01
6.253973681379240146e-01
9.049216250896330305e-01
7.918722805993769764e-01
6.668165993554709958e-01
8.397813542139800358e-01
9.077818506306569724e-01
8.148479940696660151e-01
6.383285547138789484e-01
8.093202085297700465e-01
6.700635035159839825e-01
7.562240955547170351e-01
8.215622542634070102e-01
7.560838366009979827e-01
5.893440056351170186e-01
8.650075121616610518e-01
8.401642774498180311e-01
8.779530803153879903e-01
7.767215408126429965e-01
8.660928659488059678e-01
8.542957166678469827e-01
8.323267749128999693e-01
8.647867861849569682e-01
8.625105510296710021e-01
7.432616893087380383e-01
8.660573622760090462e-01
8.627335740406469888e-01
5.609879912918219746e-01
8.239366893463679897e-01
4.465161295570569955e-01
8.441764538366519632e-01
9.334743027225810286e-01
8.458575409888280383e-01
9.013203432957359595e-01
8.382185989442629825e-01
6.094587341341219933e-01
6.418009529098409605e-01
6.909405395866939914e-01
8.670972003346739676e-01
8.547854359966220450e-01
4.035398295189229767e-01
8.752290359895760208e-01
8.481493300006189839e-01
8.647894373012340319e-01
9.351505550163550229e-01
8.592094143394819472e-01
8.506653143731780498e-01
9.281930144523929949e-01
5.854653490310119945e-01
8.448858194517510078e-01
8.132106003206259759e-01
8.869408108678129565e-01
6.917962431781450316e-01
9.167109437957600138e-01
6.122008243719000431e-01
7.311487138680150544e-01
8.804025135480659792e-01
8.127415613736009847e-01
9.057126077012239707e-01
8.026464596433879883e-01
7.338889133156110134e-01
8.288494090276250503e-01
8.946708465438689695e-01
5.917782985862910516e-01
8.985184859950799963e-01
7.302758693859829897e-01
8.480862125699889509e-01
8.560482082252309777e-01
7.777225360638549967e-01
8.532715024553230165e-01
9.036994927994520532e-01
9.146180484990460435e-01
7.899533604712489776e-01
8.872516420525109471e-01
8.577694243214469827e-01
8.022031025193200326e-01
7.193511040393220091e-01
6.295136856419649707e-01
8.157836516258489823e-01
8.502581437028550182e-01
8.014264696501289809e-01
4.868557751547130108e-01
7.472371394629300223e-01
7.169571301371010508e-01
